$ANSIBLE_VAULT;1.1;AES256
30376336653633376537626432313063356631303438363835383330353734633266633135393439
6536303432613434316133353630303237363566353061300a396130313162643833613038653738
38333066383834373034343833306137356264343063333731366336383165663262623231646532
6139353935343561310a376633626562316464666666353632333037656338663962343636636633
62616165323333663738306265633761636132303037666435373330313861623438616131653135
30613834343161386433633435373437653138343734636634613164343361653839333637346561
36373863663531623337666539393063326532666531636333653334326561636261613961356132
30383338396164353762396338393736326334666434616336653035353735393036306533306564
35646233623239636333356636323433306234323064616663316232666537326532346339386161
63356437306439633433363764653630616566366566663031313564643861663362666633656434
66643465326464313235393931343164313136656233393034326234336361393931326636363465
39383832356338326462356666343634383032353334626461643462643537303163653934303064
61346262656339373038373261366137656435646166393063353863333265396265303630616265
30356239623161613434366331396139353263643439643234343533373863643462316463393632
61656237313330613863343631353462666265653965366465313032383034306636633130333731
36613964646437376331316537386231396365623663623662303033613832366332383064356665
38633435393163306335616132376131653861326231323230373666353166666331333639633466
33316634323962383638663161313362663230656130643962383838643466633734643234373765
64306133303138356132333538653132616466373963303439323634663663656438316333376433
38343861653165353130313639616332633839386139663831613635663130656534316537303630
31643765643931643063386363303833333364353436366137323337616365383333373662663363
32363036323466656234383839333665393934616436366632393837356433663261323763373630
31333630626536383731323131646266346130303965306662633033396238323531633761613033
63653339303931373032643065643439336662383733393064623761656437386462306464616534
61303333316361333733373964306565396235376336366263323337336630656634
